#columns	nrsva_book_index	nrsva_chapter	nrsva_verse	orig_book_index	orig_chapter	orig_verse	orig_subverse	orig_is_null
01O	13	10	01O	13	10		0
01O	13	10	01O	13	11		0
01O	13	11	01O	13	12		0
01O	13	12	01O	13	13		0
01O	13	13	01O	13	14		0
01O	13	14	01O	13	15		0
01O	13	15	01O	13	15		0
04O	12	16	04O	13	1		0
04O	13	1	04O	13	2		0
04O	13	2	04O	13	3		0
04O	13	3	04O	13	4		0
04O	13	4	04O	13	5		0
04O	13	5	04O	13	6		0
04O	13	6	04O	13	7		0
04O	13	7	04O	13	8		0
04O	13	8	04O	13	9		0
04O	13	9	04O	13	10		0
04O	13	10	04O	13	11		0
04O	13	11	04O	13	12		0
04O	13	12	04O	13	13		0
04O	13	13	04O	13	14		0
04O	13	14	04O	13	15		0
04O	13	15	04O	13	16		0
04O	13	16	04O	13	17		0
04O	13	17	04O	13	18		0
04O	13	18	04O	13	19		0
04O	13	19	04O	13	20		0
04O	13	20	04O	13	21		0
04O	13	21	04O	13	22		0
04O	13	22	04O	13	23		0
04O	13	23	04O	13	24		0
04O	13	24	04O	13	25		0
04O	13	25	04O	13	26		0
04O	13	26	04O	13	27		0
04O	13	27	04O	13	28		0
04O	13	28	04O	13	29		0
04O	13	29	04O	13	30		0
04O	13	30	04O	13	31		0
04O	13	31	04O	13	32		0
04O	13	32	04O	13	33		0
04O	13	33	04O	13	34		0
04O	29	40	04O	30	1		0
04O	30	1	04O	30	2		0
04O	30	2	04O	30	3		0
04O	30	3	04O	30	4		0
04O	30	4	04O	30	5		0
04O	30	5	04O	30	6		0
04O	30	6	04O	30	7		0
04O	30	7	04O	30	8		0
04O	30	8	04O	30	9		0
04O	30	9	04O	30	10		0
04O	30	10	04O	30	11		0
04O	30	11	04O	30	12		0
04O	30	12	04O	30	13		0
04O	30	13	04O	30	14		0
04O	30	14	04O	30	15		0
04O	30	15	04O	30	16		0
04O	30	16	04O	30	17		0
09O	20	42	09O	20	42		0
09O	20	42	09O	20	43		0
09O	23	29	09O	24	1		0
09O	24	1	09O	24	2		0
09O	24	2	09O	24	3		0
09O	24	3	09O	24	4		0
09O	24	4	09O	24	5		0
09O	24	5	09O	24	6		0
09O	24	6	09O	24	7		0
09O	24	7	09O	24	8		0
09O	24	8	09O	24	9		0
09O	24	9	09O	24	10		0
09O	24	10	09O	24	11		0
09O	24	11	09O	24	12		0
09O	24	12	09O	24	13		0
09O	24	13	09O	24	14		0
09O	24	14	09O	24	15		0
09O	24	15	09O	24	16		0
09O	24	16	09O	24	17		0
09O	24	17	09O	24	18		0
09O	24	18	09O	24	19		0
09O	24	19	09O	24	20		0
09O	24	20	09O	24	21		0
09O	24	21	09O	24	22		0
09O	24	22	09O	24	23		0
11O	22	43	11O	22	43		0
11O	22	43	11O	22	44		0
11O	22	44	11O	22	45		0
11O	22	45	11O	22	46		0
11O	22	46	11O	22	47		0
11O	22	47	11O	22	48		0
11O	22	48	11O	22	49		0
11O	22	49	11O	22	50		0
11O	22	50	11O	22	51		0
11O	22	51	11O	22	52		0
11O	22	52	11O	22	53		0
11O	22	53	11O	22	54		0
18O	38	39	18O	39	1		0
18O	38	40	18O	39	2		0
18O	38	41	18O	39	3		0
18O	39	1	18O	39	4		0
18O	39	2	18O	39	5		0
18O	39	3	18O	39	6		0
18O	39	4	18O	39	7		0
18O	39	5	18O	39	8		0
18O	39	6	18O	39	9		0
18O	39	7	18O	39	10		0
18O	39	8	18O	39	11		0
18O	39	9	18O	39	12		0
18O	39	10	18O	39	13		0
18O	39	11	18O	39	14		0
18O	39	12	18O	39	15		0
18O	39	13	18O	39	16		0
18O	39	14	18O	39	17		0
18O	39	15	18O	39	18		0
18O	39	16	18O	39	19		0
18O	39	17	18O	39	20		0
18O	39	18	18O	39	21		0
18O	39	19	18O	39	22		0
18O	39	20	18O	39	23		0
18O	39	21	18O	39	24		0
18O	39	22	18O	39	25		0
18O	39	23	18O	39	26		0
18O	39	24	18O	39	27		0
18O	39	25	18O	39	28		0
18O	39	26	18O	39	29		0
18O	39	27	18O	39	30		0
18O	39	28	18O	39	31		0
18O	39	29	18O	39	32		0
18O	39	30	18O	39	33		0
18O	40	1	18O	39	34		0
18O	40	2	18O	39	35		0
18O	40	3	18O	39	36		0
18O	40	4	18O	39	37		0
18O	40	5	18O	39	38		0
18O	40	6	18O	40	1		0
18O	40	7	18O	40	2		0
18O	40	8	18O	40	3		0
18O	40	9	18O	40	4		0
18O	40	10	18O	40	5		0
18O	40	11	18O	40	6		0
18O	40	12	18O	40	7		0
18O	40	13	18O	40	8		0
18O	40	14	18O	40	9		0
18O	40	15	18O	40	10		0
18O	40	16	18O	40	11		0
18O	40	17	18O	40	12		0
18O	40	18	18O	40	13		0
18O	40	19	18O	40	14		0
18O	40	20	18O	40	15		0
18O	40	21	18O	40	16		0
18O	40	22	18O	40	17		0
18O	40	23	18O	40	18		0
18O	40	24	18O	40	19		0
18O	41	1	18O	40	20		0
18O	41	2	18O	40	21		0
18O	41	3	18O	40	22		0
18O	41	4	18O	40	23		0
18O	41	5	18O	40	24		0
18O	41	6	18O	40	25		0
18O	41	7	18O	40	26		0
18O	41	8	18O	40	27		0
18O	41	9	18O	40	28		0
18O	41	10	18O	41	1		0
18O	41	11	18O	41	2		0
18O	41	12	18O	41	3		0
18O	41	13	18O	41	4		0
18O	41	14	18O	41	5		0
18O	41	15	18O	41	6		0
18O	41	16	18O	41	7		0
18O	41	17	18O	41	8		0
18O	41	18	18O	41	9		0
18O	41	19	18O	41	10		0
18O	41	20	18O	41	11		0
18O	41	21	18O	41	12		0
18O	41	22	18O	41	13		0
18O	41	23	18O	41	14		0
18O	41	24	18O	41	15		0
18O	41	25	18O	41	16		0
18O	41	26	18O	41	17		0
18O	41	27	18O	41	18		0
18O	41	28	18O	41	19		0
18O	41	29	18O	41	20		0
18O	41	30	18O	41	21		0
18O	41	31	18O	41	22		0
18O	41	32	18O	41	23		0
18O	41	33	18O	41	24		0
18O	41	34	18O	41	25		0
19O	13	5	19O	13	5		0
19O	13	6	19O	13	5		0
21O	11	9	21O	12	1		0
21O	11	10	21O	12	2		0
21O	12	1	21O	12	3		0
21O	12	2	21O	12	4		0
21O	12	3	21O	12	5		0
21O	12	4	21O	12	6		0
21O	12	5	21O	12	7		0
21O	12	6	21O	12	8		0
21O	12	7	21O	12	9		0
21O	12	8	21O	12	10		0
21O	12	9	21O	12	11		0
21O	12	10	21O	12	12		0
21O	12	11	21O	12	13		0
21O	12	12	21O	12	14		0
21O	12	13	21O	12	15		0
21O	12	14	21O	12	16		0
22O	1	1	22O	1	1		0
22O	1	2	22O	1	1		0
22O	1	3	22O	1	2		0
22O	1	4	22O	1	3		0
22O	1	5	22O	1	4		0
22O	1	6	22O	1	5		0
22O	1	7	22O	1	6		0
22O	1	8	22O	1	7		0
22O	1	9	22O	1	8		0
22O	1	10	22O	1	9		0
22O	1	11	22O	1	10		0
22O	1	12	22O	1	11		0
22O	1	13	22O	1	12		0
22O	1	14	22O	1	13		0
22O	1	15	22O	1	14		0
22O	1	16	22O	1	15		0
22O	1	17	22O	1	16		0
23O	9	1	23O	8	23		0
23O	9	2	23O	9	1		0
23O	9	3	23O	9	2		0
23O	9	4	23O	9	3		0
23O	9	5	23O	9	4		0
23O	9	6	23O	9	5		0
23O	9	7	23O	9	6		0
23O	9	8	23O	9	7		0
23O	9	9	23O	9	8		0
23O	9	10	23O	9	9		0
23O	9	11	23O	9	10		0
23O	9	12	23O	9	11		0
23O	9	13	23O	9	12		0
23O	9	14	23O	9	13		0
23O	9	15	23O	9	14		0
23O	9	16	23O	9	15		0
23O	9	17	23O	9	16		0
23O	9	18	23O	9	17		0
23O	9	19	23O	9	18		0
23O	9	20	23O	9	19		0
23O	9	21	23O	9	20		0
26O	20	45	26O	21	1		0
26O	20	46	26O	21	2		0
26O	20	47	26O	21	3		0
26O	20	48	26O	21	4		0
26O	20	49	26O	21	5		0
26O	21	1	26O	21	6		0
26O	21	2	26O	21	7		0
26O	21	3	26O	21	8		0
26O	21	4	26O	21	9		0
26O	21	5	26O	21	10		0
26O	21	6	26O	21	11		0
26O	21	7	26O	21	12		0
26O	21	8	26O	21	13		0
26O	21	9	26O	21	14		0
26O	21	10	26O	21	15		0
26O	21	11	26O	21	16		0
26O	21	12	26O	21	17		0
26O	21	13	26O	21	18		0
26O	21	14	26O	21	19		0
26O	21	15	26O	21	20		0
26O	21	16	26O	21	21		0
26O	21	17	26O	21	22		0
26O	21	18	26O	21	23		0
26O	21	19	26O	21	24		0
26O	21	20	26O	21	25		0
26O	21	21	26O	21	26		0
26O	21	22	26O	21	27		0
26O	21	23	26O	21	28		0
26O	21	24	26O	21	29		0
26O	21	25	26O	21	30		0
26O	21	26	26O	21	31		0
26O	21	27	26O	21	32		0
26O	21	28	26O	21	33		0
26O	21	29	26O	21	34		0
26O	21	30	26O	21	35		0
26O	21	31	26O	21	36		0
26O	21	32	26O	21	37		0
28O	11	12	28O	12	1		0
28O	12	1	28O	12	2		0
28O	12	2	28O	12	3		0
28O	12	3	28O	12	4		0
28O	12	4	28O	12	5		0
28O	12	5	28O	12	6		0
28O	12	6	28O	12	7		0
28O	12	7	28O	12	8		0
28O	12	8	28O	12	9		0
28O	12	9	28O	12	10		0
28O	12	10	28O	12	11		0
28O	12	11	28O	12	12		0
28O	12	12	28O	12	13		0
28O	12	13	28O	12	14		0
28O	12	14	28O	12	15		0
32O	1	17	32O	2	1		0
32O	2	1	32O	2	2		0
32O	2	2	32O	2	3		0
32O	2	3	32O	2	4		0
32O	2	4	32O	2	5		0
32O	2	5	32O	2	6		0
32O	2	6	32O	2	7		0
32O	2	7	32O	2	8		0
32O	2	8	32O	2	9		0
32O	2	9	32O	2	10		0
32O	2	10	32O	2	11		0
41N	9	50	41N	9	50		0
41N	9	50	41N	9	51		0
41N	10	52	41N	10	52		0
41N	10	52	41N	10	53		0
44N	19	40	44N	19	40		0
44N	19	41	44N	19	40		0
44N	24	19	44N	24	19		0
44N	24	19	44N	24	20		0
44N	24	20	44N	24	21		0
44N	24	21	44N	24	22		0
44N	24	22	44N	24	23		0
44N	24	23	44N	24	24		0
44N	24	24	44N	24	25		0
44N	24	25	44N	24	26		0
44N	24	26	44N	24	27		0
44N	24	27	44N	24	28		0
45N	3	22	45N	3	22		0
45N	3	23	45N	3	22		0
45N	3	24	45N	3	23		0
45N	3	25	45N	3	24		0
45N	3	26	45N	3	25		0
45N	3	27	45N	3	26		0
45N	3	28	45N	3	27		0
45N	3	29	45N	3	28		0
45N	3	30	45N	3	29		0
45N	3	31	45N	3	30		0
45N	8	20	45N	8	20		0
45N	8	21	45N	8	20		0
45N	8	22	45N	8	21		0
45N	8	23	45N	8	22		0
45N	8	24	45N	8	23		0
45N	8	25	45N	8	24		0
45N	8	26	45N	8	25		0
45N	8	27	45N	8	26		0
45N	8	28	45N	8	27		0
45N	8	29	45N	8	28		0
45N	8	30	45N	8	29		0
45N	8	31	45N	8	30		0
45N	8	32	45N	8	31		0
45N	8	33	45N	8	32		0
45N	8	34	45N	8	33		0
45N	8	35	45N	8	34		0
45N	8	36	45N	8	35		0
45N	8	37	45N	8	36		0
45N	8	38	45N	8	37		0
45N	8	39	45N	8	38		0
