#columns	nrsva_book_index	nrsva_chapter	nrsva_verse	orig_book_index	orig_chapter	orig_verse	orig_subverse	orig_is_null
04O	12	16	04O	13	1		0
04O	13	1	04O	13	2		0
04O	13	2	04O	13	3		0
04O	13	3	04O	13	4		0
04O	13	4	04O	13	5		0
04O	13	5	04O	13	6		0
04O	13	6	04O	13	7		0
04O	13	7	04O	13	8		0
04O	13	8	04O	13	9		0
04O	13	9	04O	13	10		0
04O	13	10	04O	13	11		0
04O	13	11	04O	13	12		0
04O	13	12	04O	13	13		0
04O	13	13	04O	13	14		0
04O	13	14	04O	13	15		0
04O	13	15	04O	13	16		0
04O	13	16	04O	13	17		0
04O	13	17	04O	13	18		0
04O	13	18	04O	13	19		0
04O	13	19	04O	13	20		0
04O	13	20	04O	13	21		0
04O	13	21	04O	13	22		0
04O	13	22	04O	13	23		0
04O	13	23	04O	13	24		0
04O	13	24	04O	13	25		0
04O	13	25	04O	13	26		0
04O	13	26	04O	13	27		0
04O	13	27	04O	13	28		0
04O	13	28	04O	13	29		0
04O	13	29	04O	13	30		0
04O	13	30	04O	13	31		0
04O	13	31	04O	13	32		0
04O	13	32	04O	13	33		0
04O	13	33	04O	13	34		0
04O	29	40	04O	30	1		0
04O	30	1	04O	30	2		0
04O	30	2	04O	30	3		0
04O	30	3	04O	30	4		0
04O	30	4	04O	30	5		0
04O	30	5	04O	30	6		0
04O	30	6	04O	30	7		0
04O	30	7	04O	30	8		0
04O	30	8	04O	30	9		0
04O	30	9	04O	30	10		0
04O	30	10	04O	30	11		0
04O	30	11	04O	30	12		0
04O	30	12	04O	30	13		0
04O	30	13	04O	30	14		0
04O	30	14	04O	30	15		0
04O	30	15	04O	30	16		0
04O	30	16	04O	30	17		0
09O	4	1	09O	3	22		0
09O	4	1	09O	4	1		0
09O	20	42	09O	20	42		0
09O	20	42	09O	20	43		0
09O	23	29	09O	24	1		0
09O	24	1	09O	24	2		0
09O	24	2	09O	24	3		0
09O	24	3	09O	24	4		0
09O	24	4	09O	24	5		0
09O	24	5	09O	24	6		0
09O	24	6	09O	24	7		0
09O	24	7	09O	24	8		0
09O	24	8	09O	24	9		0
09O	24	9	09O	24	10		0
09O	24	10	09O	24	11		0
09O	24	11	09O	24	12		0
09O	24	12	09O	24	13		0
09O	24	13	09O	24	14		0
09O	24	14	09O	24	15		0
09O	24	15	09O	24	16		0
09O	24	16	09O	24	17		0
09O	24	17	09O	24	18		0
09O	24	18	09O	24	19		0
09O	24	19	09O	24	20		0
09O	24	20	09O	24	21		0
09O	24	21	09O	24	22		0
09O	24	22	09O	24	23		0
11O	22	43	11O	22	44		0
11O	22	43	11O	22	43		0
11O	22	44	11O	22	45		0
11O	22	45	11O	22	46		0
11O	22	46	11O	22	47		0
11O	22	47	11O	22	48		0
11O	22	48	11O	22	49		0
11O	22	49	11O	22	50		0
11O	22	50	11O	22	51		0
11O	22	51	11O	22	52		0
11O	22	52	11O	22	53		0
11O	22	53	11O	22	54		0
18O	38	39	18O	39	1		0
18O	38	40	18O	39	2		0
18O	38	41	18O	39	3		0
18O	39	1	18O	39	4		0
18O	39	2	18O	39	5		0
18O	39	3	18O	39	6		0
18O	39	4	18O	39	7		0
18O	39	5	18O	39	8		0
18O	39	6	18O	39	9		0
18O	39	7	18O	39	10		0
18O	39	8	18O	39	11		0
18O	39	9	18O	39	12		0
18O	39	10	18O	39	13		0
18O	39	11	18O	39	14		0
18O	39	12	18O	39	15		0
18O	39	13	18O	39	16		0
18O	39	14	18O	39	17		0
18O	39	15	18O	39	18		0
18O	39	16	18O	39	19		0
18O	39	17	18O	39	20		0
18O	39	18	18O	39	21		0
18O	39	19	18O	39	22		0
18O	39	20	18O	39	23		0
18O	39	21	18O	39	24		0
18O	39	22	18O	39	25		0
18O	39	23	18O	39	26		0
18O	39	24	18O	39	27		0
18O	39	25	18O	39	28		0
18O	39	26	18O	39	29		0
18O	39	27	18O	39	30		0
18O	39	28	18O	39	31		0
18O	39	29	18O	39	32		0
18O	39	30	18O	39	33		0
18O	40	1	18O	39	34		0
18O	40	2	18O	39	35		0
18O	40	3	18O	39	36		0
18O	40	4	18O	39	37		0
18O	40	5	18O	39	38		0
18O	40	6	18O	40	1		0
18O	40	7	18O	40	2		0
18O	40	8	18O	40	3		0
18O	40	9	18O	40	4		0
18O	40	10	18O	40	5		0
18O	40	11	18O	40	6		0
18O	40	12	18O	40	7		0
18O	40	13	18O	40	8		0
18O	40	14	18O	40	9		0
18O	40	15	18O	40	10		0
18O	40	16	18O	40	11		0
18O	40	17	18O	40	12		0
18O	40	18	18O	40	13		0
18O	40	19	18O	40	14		0
18O	40	20	18O	40	15		0
18O	40	21	18O	40	16		0
18O	40	22	18O	40	17		0
18O	40	23	18O	40	18		0
18O	40	24	18O	40	19		0
18O	41	1	18O	40	20		0
18O	41	2	18O	40	21		0
18O	41	3	18O	40	22		0
18O	41	4	18O	40	23		0
18O	41	5	18O	40	24		0
18O	41	6	18O	40	25		0
18O	41	7	18O	40	26		0
18O	41	8	18O	40	27		0
18O	41	9	18O	40	28		0
18O	41	10	18O	41	1		0
18O	41	11	18O	41	2		0
18O	41	12	18O	41	3		0
18O	41	13	18O	41	4		0
18O	41	14	18O	41	5		0
18O	41	15	18O	41	6		0
18O	41	16	18O	41	7		0
18O	41	17	18O	41	8		0
18O	41	18	18O	41	9		0
18O	41	19	18O	41	10		0
18O	41	20	18O	41	11		0
18O	41	21	18O	41	12		0
18O	41	22	18O	41	13		0
18O	41	23	18O	41	14		0
18O	41	24	18O	41	15		0
18O	41	25	18O	41	16		0
18O	41	26	18O	41	17		0
18O	41	27	18O	41	18		0
18O	41	28	18O	41	19		0
18O	41	29	18O	41	20		0
18O	41	30	18O	41	21		0
18O	41	31	18O	41	22		0
18O	41	32	18O	41	23		0
18O	41	33	18O	41	24		0
18O	41	34	18O	41	25		0
19O	3	1	19O	3	2		0
19O	3	1	19O	3	1		0
19O	3	2	19O	3	3		0
19O	3	3	19O	3	4		0
19O	3	4	19O	3	5		0
19O	3	5	19O	3	6		0
19O	3	6	19O	3	7		0
19O	3	7	19O	3	8		0
19O	3	8	19O	3	9		0
19O	4	1	19O	4	2		0
19O	4	1	19O	4	1		0
19O	4	2	19O	4	3		0
19O	4	3	19O	4	4		0
19O	4	4	19O	4	5		0
19O	4	5	19O	4	6		0
19O	4	6	19O	4	7		0
19O	4	7	19O	4	8		0
19O	4	8	19O	4	9		0
19O	5	1	19O	5	2		0
19O	5	1	19O	5	1		0
19O	5	2	19O	5	3		0
19O	5	3	19O	5	4		0
19O	5	4	19O	5	5		0
19O	5	5	19O	5	6		0
19O	5	6	19O	5	7		0
19O	5	7	19O	5	8		0
19O	5	8	19O	5	9		0
19O	5	9	19O	5	10		0
19O	5	10	19O	5	11		0
19O	5	11	19O	5	12		0
19O	5	12	19O	5	13		0
19O	6	1	19O	6	2		0
19O	6	1	19O	6	1		0
19O	6	2	19O	6	3		0
19O	6	3	19O	6	4		0
19O	6	4	19O	6	5		0
19O	6	5	19O	6	6		0
19O	6	6	19O	6	7		0
19O	6	7	19O	6	8		0
19O	6	8	19O	6	9		0
19O	6	9	19O	6	10		0
19O	6	10	19O	6	11		0
19O	7	1	19O	7	2		0
19O	7	1	19O	7	1		0
19O	7	2	19O	7	3		0
19O	7	3	19O	7	4		0
19O	7	4	19O	7	5		0
19O	7	5	19O	7	6		0
19O	7	6	19O	7	7		0
19O	7	7	19O	7	8		0
19O	7	8	19O	7	9		0
19O	7	9	19O	7	10		0
19O	7	10	19O	7	11		0
19O	7	11	19O	7	12		0
19O	7	12	19O	7	13		0
19O	7	13	19O	7	14		0
19O	7	14	19O	7	15		0
19O	7	15	19O	7	16		0
19O	7	16	19O	7	17		0
19O	7	17	19O	7	18		0
19O	8	1	19O	8	2		0
19O	8	1	19O	8	1		0
19O	8	2	19O	8	3		0
19O	8	3	19O	8	4		0
19O	8	4	19O	8	5		0
19O	8	5	19O	8	6		0
19O	8	6	19O	8	7		0
19O	8	7	19O	8	8		0
19O	8	8	19O	8	9		0
19O	8	9	19O	8	10		0
19O	9	1	19O	9	2		0
19O	9	1	19O	9	1		0
19O	9	2	19O	9	3		0
19O	9	3	19O	9	4		0
19O	9	4	19O	9	5		0
19O	9	5	19O	9	6		0
19O	9	6	19O	9	7		0
19O	9	7	19O	9	8		0
19O	9	8	19O	9	9		0
19O	9	9	19O	9	10		0
19O	9	10	19O	9	11		0
19O	9	11	19O	9	12		0
19O	9	12	19O	9	13		0
19O	9	13	19O	9	14		0
19O	9	14	19O	9	15		0
19O	9	15	19O	9	16		0
19O	9	16	19O	9	17		0
19O	9	17	19O	9	18		0
19O	9	18	19O	9	19		0
19O	9	19	19O	9	20		0
19O	9	20	19O	9	21		0
19O	12	1	19O	12	2		0
19O	12	1	19O	12	1		0
19O	12	2	19O	12	3		0
19O	12	3	19O	12	4		0
19O	12	4	19O	12	5		0
19O	12	5	19O	12	6		0
19O	12	6	19O	12	7		0
19O	12	7	19O	12	8		0
19O	12	8	19O	12	9		0
19O	13	1	19O	13	1		0
19O	13	1	19O	13	2		0
19O	13	2	19O	13	3		0
19O	13	3	19O	13	4		0
19O	13	4	19O	13	5		0
19O	13	5	19O	13	6		0
19O	13	6	19O	13	6		0
19O	18	1	19O	18	1		0
19O	18	1	19O	18	2		0
19O	18	2	19O	18	3		0
19O	18	3	19O	18	4		0
19O	18	4	19O	18	5		0
19O	18	5	19O	18	6		0
19O	18	6	19O	18	7		0
19O	18	7	19O	18	8		0
19O	18	8	19O	18	9		0
19O	18	9	19O	18	10		0
19O	18	10	19O	18	11		0
19O	18	11	19O	18	12		0
19O	18	12	19O	18	13		0
19O	18	13	19O	18	14		0
19O	18	14	19O	18	15		0
19O	18	15	19O	18	16		0
19O	18	16	19O	18	17		0
19O	18	17	19O	18	18		0
19O	18	18	19O	18	19		0
19O	18	19	19O	18	20		0
19O	18	20	19O	18	21		0
19O	18	21	19O	18	22		0
19O	18	22	19O	18	23		0
19O	18	23	19O	18	24		0
19O	18	24	19O	18	25		0
19O	18	25	19O	18	26		0
19O	18	26	19O	18	27		0
19O	18	27	19O	18	28		0
19O	18	28	19O	18	29		0
19O	18	29	19O	18	30		0
19O	18	30	19O	18	31		0
19O	18	31	19O	18	32		0
19O	18	32	19O	18	33		0
19O	18	33	19O	18	34		0
19O	18	34	19O	18	35		0
19O	18	35	19O	18	36		0
19O	18	36	19O	18	37		0
19O	18	37	19O	18	38		0
19O	18	38	19O	18	39		0
19O	18	39	19O	18	40		0
19O	18	40	19O	18	41		0
19O	18	41	19O	18	42		0
19O	18	42	19O	18	43		0
19O	18	43	19O	18	44		0
19O	18	44	19O	18	45		0
19O	18	45	19O	18	46		0
19O	18	46	19O	18	47		0
19O	18	47	19O	18	48		0
19O	18	48	19O	18	49		0
19O	18	49	19O	18	50		0
19O	18	50	19O	18	51		0
19O	19	1	19O	19	2		0
19O	19	1	19O	19	1		0
19O	19	2	19O	19	3		0
19O	19	3	19O	19	4		0
19O	19	4	19O	19	5		0
19O	19	5	19O	19	6		0
19O	19	6	19O	19	7		0
19O	19	7	19O	19	8		0
19O	19	8	19O	19	9		0
19O	19	9	19O	19	10		0
19O	19	10	19O	19	11		0
19O	19	11	19O	19	12		0
19O	19	12	19O	19	13		0
19O	19	13	19O	19	14		0
19O	19	14	19O	19	15		0
19O	20	1	19O	20	2		0
19O	20	1	19O	20	1		0
19O	20	2	19O	20	3		0
19O	20	3	19O	20	4		0
19O	20	4	19O	20	5		0
19O	20	5	19O	20	6		0
19O	20	6	19O	20	7		0
19O	20	7	19O	20	8		0
19O	20	8	19O	20	9		0
19O	20	9	19O	20	10		0
19O	21	1	19O	21	2		0
19O	21	1	19O	21	1		0
19O	21	2	19O	21	3		0
19O	21	3	19O	21	4		0
19O	21	4	19O	21	5		0
19O	21	5	19O	21	6		0
19O	21	6	19O	21	7		0
19O	21	7	19O	21	8		0
19O	21	8	19O	21	9		0
19O	21	9	19O	21	10		0
19O	21	10	19O	21	11		0
19O	21	11	19O	21	12		0
19O	21	12	19O	21	13		0
19O	21	13	19O	21	14		0
19O	22	1	19O	22	2		0
19O	22	1	19O	22	1		0
19O	22	2	19O	22	3		0
19O	22	3	19O	22	4		0
19O	22	4	19O	22	5		0
19O	22	5	19O	22	6		0
19O	22	6	19O	22	7		0
19O	22	7	19O	22	8		0
19O	22	8	19O	22	9		0
19O	22	9	19O	22	10		0
19O	22	10	19O	22	11		0
19O	22	11	19O	22	12		0
19O	22	12	19O	22	13		0
19O	22	13	19O	22	14		0
19O	22	14	19O	22	15		0
19O	22	15	19O	22	16		0
19O	22	16	19O	22	17		0
19O	22	17	19O	22	18		0
19O	22	18	19O	22	19		0
19O	22	19	19O	22	20		0
19O	22	20	19O	22	21		0
19O	22	21	19O	22	22		0
19O	22	22	19O	22	23		0
19O	22	23	19O	22	24		0
19O	22	24	19O	22	25		0
19O	22	25	19O	22	26		0
19O	22	26	19O	22	27		0
19O	22	27	19O	22	28		0
19O	22	28	19O	22	29		0
19O	22	29	19O	22	30		0
19O	22	30	19O	22	31		0
19O	22	31	19O	22	32		0
19O	30	1	19O	30	2		0
19O	30	1	19O	30	1		0
19O	30	2	19O	30	3		0
19O	30	3	19O	30	4		0
19O	30	4	19O	30	5		0
19O	30	5	19O	30	6		0
19O	30	6	19O	30	7		0
19O	30	7	19O	30	8		0
19O	30	8	19O	30	9		0
19O	30	9	19O	30	10		0
19O	30	10	19O	30	11		0
19O	30	11	19O	30	12		0
19O	30	12	19O	30	13		0
19O	31	1	19O	31	2		0
19O	31	1	19O	31	1		0
19O	31	2	19O	31	3		0
19O	31	3	19O	31	4		0
19O	31	4	19O	31	5		0
19O	31	5	19O	31	6		0
19O	31	6	19O	31	7		0
19O	31	7	19O	31	8		0
19O	31	8	19O	31	9		0
19O	31	9	19O	31	10		0
19O	31	10	19O	31	11		0
19O	31	11	19O	31	12		0
19O	31	12	19O	31	13		0
19O	31	13	19O	31	14		0
19O	31	14	19O	31	15		0
19O	31	15	19O	31	16		0
19O	31	16	19O	31	17		0
19O	31	17	19O	31	18		0
19O	31	18	19O	31	19		0
19O	31	19	19O	31	20		0
19O	31	20	19O	31	21		0
19O	31	21	19O	31	22		0
19O	31	22	19O	31	23		0
19O	31	23	19O	31	24		0
19O	31	24	19O	31	25		0
19O	34	1	19O	34	2		0
19O	34	1	19O	34	1		0
19O	34	2	19O	34	3		0
19O	34	3	19O	34	4		0
19O	34	4	19O	34	5		0
19O	34	5	19O	34	6		0
19O	34	6	19O	34	7		0
19O	34	7	19O	34	8		0
19O	34	8	19O	34	9		0
19O	34	9	19O	34	10		0
19O	34	10	19O	34	11		0
19O	34	11	19O	34	12		0
19O	34	12	19O	34	13		0
19O	34	13	19O	34	14		0
19O	34	14	19O	34	15		0
19O	34	15	19O	34	16		0
19O	34	16	19O	34	17		0
19O	34	17	19O	34	18		0
19O	34	18	19O	34	19		0
19O	34	19	19O	34	20		0
19O	34	20	19O	34	21		0
19O	34	21	19O	34	22		0
19O	34	22	19O	34	23		0
19O	36	1	19O	36	2		0
19O	36	1	19O	36	1		0
19O	36	2	19O	36	3		0
19O	36	3	19O	36	4		0
19O	36	4	19O	36	5		0
19O	36	5	19O	36	6		0
19O	36	6	19O	36	7		0
19O	36	7	19O	36	8		0
19O	36	8	19O	36	9		0
19O	36	9	19O	36	10		0
19O	36	10	19O	36	11		0
19O	36	11	19O	36	12		0
19O	36	12	19O	36	13		0
19O	38	1	19O	38	2		0
19O	38	1	19O	38	1		0
19O	38	2	19O	38	3		0
19O	38	3	19O	38	4		0
19O	38	4	19O	38	5		0
19O	38	5	19O	38	6		0
19O	38	6	19O	38	7		0
19O	38	7	19O	38	8		0
19O	38	8	19O	38	9		0
19O	38	9	19O	38	10		0
19O	38	10	19O	38	11		0
19O	38	11	19O	38	12		0
19O	38	12	19O	38	13		0
19O	38	13	19O	38	14		0
19O	38	14	19O	38	15		0
19O	38	15	19O	38	16		0
19O	38	16	19O	38	17		0
19O	38	17	19O	38	18		0
19O	38	18	19O	38	19		0
19O	38	19	19O	38	20		0
19O	38	20	19O	38	21		0
19O	38	21	19O	38	22		0
19O	38	22	19O	38	23		0
19O	39	1	19O	39	2		0
19O	39	1	19O	39	1		0
19O	39	2	19O	39	3		0
19O	39	3	19O	39	4		0
19O	39	4	19O	39	5		0
19O	39	5	19O	39	6		0
19O	39	6	19O	39	7		0
19O	39	7	19O	39	8		0
19O	39	8	19O	39	9		0
19O	39	9	19O	39	10		0
19O	39	10	19O	39	11		0
19O	39	11	19O	39	12		0
19O	39	12	19O	39	13		0
19O	39	13	19O	39	14		0
19O	40	1	19O	40	2		0
19O	40	1	19O	40	1		0
19O	40	2	19O	40	3		0
19O	40	3	19O	40	4		0
19O	40	4	19O	40	5		0
19O	40	5	19O	40	6		0
19O	40	6	19O	40	7		0
19O	40	7	19O	40	8		0
19O	40	8	19O	40	9		0
19O	40	9	19O	40	10		0
19O	40	10	19O	40	11		0
19O	40	11	19O	40	12		0
19O	40	12	19O	40	13		0
19O	40	13	19O	40	14		0
19O	40	14	19O	40	15		0
19O	40	15	19O	40	16		0
19O	40	16	19O	40	17		0
19O	40	17	19O	40	18		0
19O	41	1	19O	41	2		0
19O	41	1	19O	41	1		0
19O	41	2	19O	41	3		0
19O	41	3	19O	41	4		0
19O	41	4	19O	41	5		0
19O	41	5	19O	41	6		0
19O	41	6	19O	41	7		0
19O	41	7	19O	41	8		0
19O	41	8	19O	41	9		0
19O	41	9	19O	41	10		0
19O	41	10	19O	41	11		0
19O	41	11	19O	41	12		0
19O	41	12	19O	41	13		0
19O	41	13	19O	41	14		0
19O	42	1	19O	42	2		0
19O	42	1	19O	42	1		0
19O	42	2	19O	42	3		0
19O	42	3	19O	42	4		0
19O	42	4	19O	42	5		0
19O	42	5	19O	42	6		0
19O	42	6	19O	42	7		0
19O	42	7	19O	42	8		0
19O	42	8	19O	42	9		0
19O	42	9	19O	42	10		0
19O	42	10	19O	42	11		0
19O	42	11	19O	42	12		0
19O	44	1	19O	44	2		0
19O	44	1	19O	44	1		0
19O	44	2	19O	44	3		0
19O	44	3	19O	44	4		0
19O	44	4	19O	44	5		0
19O	44	5	19O	44	6		0
19O	44	6	19O	44	7		0
19O	44	7	19O	44	8		0
19O	44	8	19O	44	9		0
19O	44	9	19O	44	10		0
19O	44	10	19O	44	11		0
19O	44	11	19O	44	12		0
19O	44	12	19O	44	13		0
19O	44	13	19O	44	14		0
19O	44	14	19O	44	15		0
19O	44	15	19O	44	16		0
19O	44	16	19O	44	17		0
19O	44	17	19O	44	18		0
19O	44	18	19O	44	19		0
19O	44	19	19O	44	20		0
19O	44	20	19O	44	21		0
19O	44	21	19O	44	22		0
19O	44	22	19O	44	23		0
19O	44	23	19O	44	24		0
19O	44	24	19O	44	25		0
19O	44	25	19O	44	26		0
19O	44	26	19O	44	27		0
19O	45	1	19O	45	2		0
19O	45	1	19O	45	1		0
19O	45	2	19O	45	3		0
19O	45	3	19O	45	4		0
19O	45	4	19O	45	5		0
19O	45	5	19O	45	6		0
19O	45	6	19O	45	7		0
19O	45	7	19O	45	8		0
19O	45	8	19O	45	9		0
19O	45	9	19O	45	10		0
19O	45	10	19O	45	11		0
19O	45	11	19O	45	12		0
19O	45	12	19O	45	13		0
19O	45	13	19O	45	14		0
19O	45	14	19O	45	15		0
19O	45	15	19O	45	16		0
19O	45	16	19O	45	17		0
19O	45	17	19O	45	18		0
19O	46	1	19O	46	2		0
19O	46	1	19O	46	1		0
19O	46	2	19O	46	3		0
19O	46	3	19O	46	4		0
19O	46	4	19O	46	5		0
19O	46	5	19O	46	6		0
19O	46	6	19O	46	7		0
19O	46	7	19O	46	8		0
19O	46	8	19O	46	9		0
19O	46	9	19O	46	10		0
19O	46	10	19O	46	11		0
19O	46	11	19O	46	12		0
19O	47	1	19O	47	1		0
19O	47	1	19O	47	2		0
19O	47	2	19O	47	3		0
19O	47	3	19O	47	4		0
19O	47	4	19O	47	5		0
19O	47	5	19O	47	6		0
19O	47	6	19O	47	7		0
19O	47	7	19O	47	8		0
19O	47	8	19O	47	9		0
19O	47	9	19O	47	10		0
19O	48	1	19O	48	2		0
19O	48	1	19O	48	1		0
19O	48	2	19O	48	3		0
19O	48	3	19O	48	4		0
19O	48	4	19O	48	5		0
19O	48	5	19O	48	6		0
19O	48	6	19O	48	7		0
19O	48	7	19O	48	8		0
19O	48	8	19O	48	9		0
19O	48	9	19O	48	10		0
19O	48	10	19O	48	11		0
19O	48	11	19O	48	12		0
19O	48	12	19O	48	13		0
19O	48	13	19O	48	14		0
19O	48	14	19O	48	15		0
19O	49	1	19O	49	2		0
19O	49	1	19O	49	1		0
19O	49	2	19O	49	3		0
19O	49	3	19O	49	4		0
19O	49	4	19O	49	5		0
19O	49	5	19O	49	6		0
19O	49	6	19O	49	7		0
19O	49	7	19O	49	8		0
19O	49	8	19O	49	9		0
19O	49	9	19O	49	10		0
19O	49	10	19O	49	11		0
19O	49	11	19O	49	12		0
19O	49	12	19O	49	13		0
19O	49	13	19O	49	14		0
19O	49	14	19O	49	15		0
19O	49	15	19O	49	16		0
19O	49	16	19O	49	17		0
19O	49	17	19O	49	18		0
19O	49	18	19O	49	19		0
19O	49	19	19O	49	19		0
19O	51	1	19O	51	2		0
19O	51	1	19O	51	3		0
19O	51	1	19O	51	1		0
19O	51	2	19O	51	4		0
19O	51	3	19O	51	5		0
19O	51	4	19O	51	6		0
19O	51	5	19O	51	7		0
19O	51	6	19O	51	8		0
19O	51	7	19O	51	9		0
19O	51	8	19O	51	10		0
19O	51	9	19O	51	11		0
19O	51	10	19O	51	12		0
19O	51	11	19O	51	13		0
19O	51	12	19O	51	14		0
19O	51	13	19O	51	15		0
19O	51	14	19O	51	16		0
19O	51	15	19O	51	17		0
19O	51	16	19O	51	18		0
19O	51	17	19O	51	19		0
19O	51	18	19O	51	20		0
19O	51	19	19O	51	21		0
19O	52	1	19O	52	2		0
19O	52	1	19O	52	3		0
19O	52	1	19O	52	1		0
19O	52	2	19O	52	4		0
19O	52	3	19O	52	5		0
19O	52	4	19O	52	6		0
19O	52	5	19O	52	7		0
19O	52	6	19O	52	8		0
19O	52	7	19O	52	9		0
19O	52	8	19O	52	10		0
19O	52	9	19O	52	11		0
19O	53	1	19O	53	2		0
19O	53	1	19O	53	1		0
19O	53	2	19O	53	3		0
19O	53	3	19O	53	4		0
19O	53	4	19O	53	5		0
19O	53	5	19O	53	6		0
19O	53	6	19O	53	7		0
19O	54	1	19O	54	2		0
19O	54	1	19O	54	3		0
19O	54	1	19O	54	1		0
19O	54	2	19O	54	4		0
19O	54	3	19O	54	5		0
19O	54	4	19O	54	6		0
19O	54	5	19O	54	7		0
19O	54	6	19O	54	8		0
19O	54	7	19O	54	9		0
19O	55	1	19O	55	2		0
19O	55	1	19O	55	1		0
19O	55	2	19O	55	3		0
19O	55	3	19O	55	4		0
19O	55	4	19O	55	5		0
19O	55	5	19O	55	6		0
19O	55	6	19O	55	7		0
19O	55	7	19O	55	8		0
19O	55	8	19O	55	9		0
19O	55	9	19O	55	10		0
19O	55	10	19O	55	11		0
19O	55	11	19O	55	12		0
19O	55	12	19O	55	13		0
19O	55	13	19O	55	14		0
19O	55	14	19O	55	15		0
19O	55	15	19O	55	16		0
19O	55	16	19O	55	17		0
19O	55	17	19O	55	18		0
19O	55	18	19O	55	19		0
19O	55	19	19O	55	20		0
19O	55	20	19O	55	21		0
19O	55	21	19O	55	22		0
19O	55	22	19O	55	23		0
19O	55	23	19O	55	24		0
19O	56	1	19O	56	2		0
19O	56	1	19O	56	1		0
19O	56	2	19O	56	3		0
19O	56	3	19O	56	4		0
19O	56	4	19O	56	5		0
19O	56	5	19O	56	6		0
19O	56	6	19O	56	7		0
19O	56	7	19O	56	8		0
19O	56	8	19O	56	9		0
19O	56	9	19O	56	10		0
19O	56	10	19O	56	11		0
19O	56	11	19O	56	12		0
19O	56	12	19O	56	13		0
19O	56	13	19O	56	14		0
19O	57	1	19O	57	2		0
19O	57	1	19O	57	1		0
19O	57	2	19O	57	3		0
19O	57	3	19O	57	4		0
19O	57	4	19O	57	5		0
19O	57	5	19O	57	6		0
19O	57	6	19O	57	7		0
19O	57	7	19O	57	8		0
19O	57	8	19O	57	9		0
19O	57	9	19O	57	10		0
19O	57	10	19O	57	11		0
19O	57	11	19O	57	12		0
19O	58	1	19O	58	2		0
19O	58	1	19O	58	1		0
19O	58	2	19O	58	3		0
19O	58	3	19O	58	4		0
19O	58	4	19O	58	5		0
19O	58	5	19O	58	6		0
19O	58	6	19O	58	7		0
19O	58	7	19O	58	8		0
19O	58	8	19O	58	9		0
19O	58	9	19O	58	10		0
19O	58	10	19O	58	11		0
19O	58	11	19O	58	12		0
19O	59	1	19O	59	2		0
19O	59	1	19O	59	1		0
19O	59	2	19O	59	3		0
19O	59	3	19O	59	4		0
19O	59	4	19O	59	5		0
19O	59	5	19O	59	6		0
19O	59	6	19O	59	7		0
19O	59	7	19O	59	8		0
19O	59	8	19O	59	9		0
19O	59	9	19O	59	10		0
19O	59	10	19O	59	11		0
19O	59	11	19O	59	12		0
19O	59	12	19O	59	13		0
19O	59	13	19O	59	14		0
19O	59	14	19O	59	15		0
19O	59	15	19O	59	16		0
19O	59	16	19O	59	17		0
19O	59	17	19O	59	18		0
19O	60	1	19O	60	2		0
19O	60	1	19O	60	3		0
19O	60	1	19O	60	1		0
19O	60	2	19O	60	4		0
19O	60	3	19O	60	5		0
19O	60	4	19O	60	6		0
19O	60	5	19O	60	7		0
19O	60	6	19O	60	8		0
19O	60	7	19O	60	9		0
19O	60	8	19O	60	10		0
19O	60	9	19O	60	11		0
19O	60	10	19O	60	12		0
19O	60	11	19O	60	13		0
19O	60	12	19O	60	14		0
19O	61	1	19O	61	2		0
19O	61	1	19O	61	1		0
19O	61	2	19O	61	3		0
19O	61	3	19O	61	4		0
19O	61	4	19O	61	5		0
19O	61	5	19O	61	6		0
19O	61	6	19O	61	7		0
19O	61	7	19O	61	8		0
19O	61	8	19O	61	9		0
19O	62	1	19O	62	2		0
19O	62	1	19O	62	1		0
19O	62	2	19O	62	3		0
19O	62	3	19O	62	4		0
19O	62	4	19O	62	5		0
19O	62	5	19O	62	6		0
19O	62	6	19O	62	7		0
19O	62	7	19O	62	8		0
19O	62	8	19O	62	9		0
19O	62	9	19O	62	10		0
19O	62	10	19O	62	11		0
19O	62	11	19O	62	12		0
19O	62	12	19O	62	13		0
19O	63	1	19O	63	2		0
19O	63	1	19O	63	1		0
19O	63	2	19O	63	3		0
19O	63	3	19O	63	4		0
19O	63	4	19O	63	5		0
19O	63	5	19O	63	6		0
19O	63	6	19O	63	7		0
19O	63	7	19O	63	8		0
19O	63	8	19O	63	9		0
19O	63	9	19O	63	10		0
19O	63	10	19O	63	11		0
19O	63	11	19O	63	12		0
19O	64	1	19O	64	2		0
19O	64	1	19O	64	1		0
19O	64	2	19O	64	3		0
19O	64	3	19O	64	4		0
19O	64	4	19O	64	5		0
19O	64	5	19O	64	6		0
19O	64	6	19O	64	7		0
19O	64	7	19O	64	8		0
19O	64	8	19O	64	9		0
19O	64	9	19O	64	10		0
19O	64	10	19O	64	11		0
19O	65	1	19O	65	2		0
19O	65	1	19O	65	1		0
19O	65	2	19O	65	3		0
19O	65	3	19O	65	4		0
19O	65	4	19O	65	5		0
19O	65	5	19O	65	6		0
19O	65	6	19O	65	7		0
19O	65	7	19O	65	8		0
19O	65	8	19O	65	9		0
19O	65	9	19O	65	10		0
19O	65	10	19O	65	11		0
19O	65	11	19O	65	12		0
19O	65	12	19O	65	13		0
19O	65	13	19O	65	14		0
19O	67	1	19O	67	2		0
19O	67	1	19O	67	1		0
19O	67	2	19O	67	3		0
19O	67	3	19O	67	4		0
19O	67	4	19O	67	5		0
19O	67	5	19O	67	6		0
19O	67	6	19O	67	7		0
19O	67	7	19O	67	8		0
19O	68	1	19O	68	2		0
19O	68	1	19O	68	1		0
19O	68	2	19O	68	3		0
19O	68	3	19O	68	4		0
19O	68	4	19O	68	5		0
19O	68	5	19O	68	6		0
19O	68	6	19O	68	7		0
19O	68	7	19O	68	8		0
19O	68	8	19O	68	9		0
19O	68	9	19O	68	10		0
19O	68	10	19O	68	11		0
19O	68	11	19O	68	12		0
19O	68	12	19O	68	13		0
19O	68	13	19O	68	14		0
19O	68	14	19O	68	15		0
19O	68	15	19O	68	16		0
19O	68	16	19O	68	17		0
19O	68	17	19O	68	18		0
19O	68	18	19O	68	19		0
19O	68	19	19O	68	20		0
19O	68	20	19O	68	21		0
19O	68	21	19O	68	22		0
19O	68	22	19O	68	23		0
19O	68	23	19O	68	24		0
19O	68	24	19O	68	25		0
19O	68	25	19O	68	26		0
19O	68	26	19O	68	27		0
19O	68	27	19O	68	28		0
19O	68	28	19O	68	29		0
19O	68	29	19O	68	30		0
19O	68	30	19O	68	31		0
19O	68	31	19O	68	32		0
19O	68	32	19O	68	33		0
19O	68	33	19O	68	34		0
19O	68	34	19O	68	35		0
19O	68	35	19O	68	36		0
19O	69	1	19O	69	2		0
19O	69	1	19O	69	1		0
19O	69	2	19O	69	3		0
19O	69	3	19O	69	4		0
19O	69	4	19O	69	5		0
19O	69	5	19O	69	6		0
19O	69	6	19O	69	7		0
19O	69	7	19O	69	8		0
19O	69	8	19O	69	9		0
19O	69	9	19O	69	10		0
19O	69	10	19O	69	11		0
19O	69	11	19O	69	12		0
19O	69	12	19O	69	13		0
19O	69	13	19O	69	14		0
19O	69	14	19O	69	15		0
19O	69	15	19O	69	16		0
19O	69	16	19O	69	17		0
19O	69	17	19O	69	18		0
19O	69	18	19O	69	19		0
19O	69	19	19O	69	20		0
19O	69	20	19O	69	21		0
19O	69	21	19O	69	22		0
19O	69	22	19O	69	23		0
19O	69	23	19O	69	24		0
19O	69	24	19O	69	25		0
19O	69	25	19O	69	26		0
19O	69	26	19O	69	27		0
19O	69	27	19O	69	28		0
19O	69	28	19O	69	29		0
19O	69	29	19O	69	30		0
19O	69	30	19O	69	31		0
19O	69	31	19O	69	32		0
19O	69	32	19O	69	33		0
19O	69	33	19O	69	34		0
19O	69	34	19O	69	35		0
19O	69	35	19O	69	36		0
19O	69	36	19O	69	37		0
19O	70	1	19O	70	2		0
19O	70	1	19O	70	1		0
19O	70	2	19O	70	3		0
19O	70	3	19O	70	4		0
19O	70	4	19O	70	5		0
19O	70	5	19O	70	6		0
19O	75	1	19O	75	2		0
19O	75	1	19O	75	1		0
19O	75	2	19O	75	3		0
19O	75	3	19O	75	4		0
19O	75	4	19O	75	5		0
19O	75	5	19O	75	6		0
19O	75	6	19O	75	7		0
19O	75	7	19O	75	8		0
19O	75	8	19O	75	9		0
19O	75	9	19O	75	10		0
19O	75	10	19O	75	11		0
19O	76	1	19O	76	2		0
19O	76	1	19O	76	1		0
19O	76	2	19O	76	3		0
19O	76	3	19O	76	4		0
19O	76	4	19O	76	5		0
19O	76	5	19O	76	6		0
19O	76	6	19O	76	7		0
19O	76	7	19O	76	8		0
19O	76	8	19O	76	9		0
19O	76	9	19O	76	10		0
19O	76	10	19O	76	11		0
19O	76	11	19O	76	12		0
19O	76	12	19O	76	13		0
19O	77	1	19O	77	2		0
19O	77	1	19O	77	1		0
19O	77	2	19O	77	3		0
19O	77	3	19O	77	4		0
19O	77	4	19O	77	5		0
19O	77	5	19O	77	6		0
19O	77	6	19O	77	7		0
19O	77	7	19O	77	8		0
19O	77	8	19O	77	9		0
19O	77	9	19O	77	10		0
19O	77	10	19O	77	11		0
19O	77	11	19O	77	12		0
19O	77	12	19O	77	13		0
19O	77	13	19O	77	14		0
19O	77	14	19O	77	15		0
19O	77	15	19O	77	16		0
19O	77	16	19O	77	17		0
19O	77	17	19O	77	18		0
19O	77	18	19O	77	19		0
19O	77	19	19O	77	20		0
19O	77	20	19O	77	21		0
19O	80	1	19O	80	2		0
19O	80	1	19O	80	1		0
19O	80	2	19O	80	3		0
19O	80	3	19O	80	4		0
19O	80	4	19O	80	5		0
19O	80	5	19O	80	6		0
19O	80	6	19O	80	7		0
19O	80	7	19O	80	8		0
19O	80	8	19O	80	9		0
19O	80	9	19O	80	10		0
19O	80	10	19O	80	11		0
19O	80	11	19O	80	12		0
19O	80	12	19O	80	13		0
19O	80	13	19O	80	14		0
19O	80	14	19O	80	15		0
19O	80	15	19O	80	16		0
19O	80	16	19O	80	17		0
19O	80	17	19O	80	18		0
19O	80	18	19O	80	19		0
19O	80	19	19O	80	20		0
19O	81	1	19O	81	2		0
19O	81	1	19O	81	1		0
19O	81	2	19O	81	3		0
19O	81	3	19O	81	4		0
19O	81	4	19O	81	5		0
19O	81	5	19O	81	6		0
19O	81	6	19O	81	7		0
19O	81	7	19O	81	8		0
19O	81	8	19O	81	9		0
19O	81	9	19O	81	10		0
19O	81	10	19O	81	11		0
19O	81	11	19O	81	12		0
19O	81	12	19O	81	13		0
19O	81	13	19O	81	14		0
19O	81	14	19O	81	15		0
19O	81	15	19O	81	16		0
19O	81	16	19O	81	17		0
19O	83	1	19O	83	2		0
19O	83	1	19O	83	1		0
19O	83	2	19O	83	3		0
19O	83	3	19O	83	4		0
19O	83	4	19O	83	5		0
19O	83	5	19O	83	6		0
19O	83	6	19O	83	7		0
19O	83	7	19O	83	8		0
19O	83	8	19O	83	9		0
19O	83	9	19O	83	10		0
19O	83	10	19O	83	11		0
19O	83	11	19O	83	12		0
19O	83	12	19O	83	13		0
19O	83	13	19O	83	14		0
19O	83	14	19O	83	15		0
19O	83	15	19O	83	16		0
19O	83	16	19O	83	17		0
19O	83	17	19O	83	18		0
19O	83	18	19O	83	19		0
19O	84	1	19O	84	2		0
19O	84	1	19O	84	1		0
19O	84	2	19O	84	3		0
19O	84	3	19O	84	4		0
19O	84	4	19O	84	5		0
19O	84	5	19O	84	6		0
19O	84	6	19O	84	7		0
19O	84	7	19O	84	8		0
19O	84	8	19O	84	9		0
19O	84	9	19O	84	10		0
19O	84	10	19O	84	11		0
19O	84	11	19O	84	12		0
19O	84	12	19O	84	13		0
19O	85	1	19O	85	2		0
19O	85	1	19O	85	1		0
19O	85	2	19O	85	3		0
19O	85	3	19O	85	4		0
19O	85	4	19O	85	5		0
19O	85	5	19O	85	6		0
19O	85	6	19O	85	7		0
19O	85	7	19O	85	8		0
19O	85	8	19O	85	9		0
19O	85	9	19O	85	10		0
19O	85	10	19O	85	11		0
19O	85	11	19O	85	12		0
19O	85	12	19O	85	13		0
19O	85	13	19O	85	14		0
19O	88	1	19O	88	2		0
19O	88	1	19O	88	1		0
19O	88	2	19O	88	3		0
19O	88	3	19O	88	4		0
19O	88	4	19O	88	5		0
19O	88	5	19O	88	6		0
19O	88	6	19O	88	7		0
19O	88	7	19O	88	8		0
19O	88	8	19O	88	9		0
19O	88	9	19O	88	10		0
19O	88	10	19O	88	11		0
19O	88	11	19O	88	12		0
19O	88	12	19O	88	13		0
19O	88	13	19O	88	14		0
19O	88	14	19O	88	15		0
19O	88	15	19O	88	16		0
19O	88	16	19O	88	17		0
19O	88	17	19O	88	18		0
19O	88	18	19O	88	19		0
19O	89	1	19O	89	2		0
19O	89	1	19O	89	1		0
19O	89	2	19O	89	3		0
19O	89	3	19O	89	4		0
19O	89	4	19O	89	5		0
19O	89	5	19O	89	6		0
19O	89	6	19O	89	7		0
19O	89	7	19O	89	8		0
19O	89	8	19O	89	9		0
19O	89	9	19O	89	10		0
19O	89	10	19O	89	11		0
19O	89	11	19O	89	12		0
19O	89	12	19O	89	13		0
19O	89	13	19O	89	14		0
19O	89	14	19O	89	15		0
19O	89	15	19O	89	16		0
19O	89	16	19O	89	17		0
19O	89	17	19O	89	18		0
19O	89	18	19O	89	19		0
19O	89	19	19O	89	20		0
19O	89	20	19O	89	21		0
19O	89	21	19O	89	22		0
19O	89	22	19O	89	23		0
19O	89	23	19O	89	24		0
19O	89	24	19O	89	25		0
19O	89	25	19O	89	26		0
19O	89	26	19O	89	27		0
19O	89	27	19O	89	28		0
19O	89	28	19O	89	29		0
19O	89	29	19O	89	30		0
19O	89	30	19O	89	31		0
19O	89	31	19O	89	32		0
19O	89	32	19O	89	33		0
19O	89	33	19O	89	34		0
19O	89	34	19O	89	35		0
19O	89	35	19O	89	36		0
19O	89	36	19O	89	37		0
19O	89	37	19O	89	38		0
19O	89	38	19O	89	39		0
19O	89	39	19O	89	40		0
19O	89	40	19O	89	41		0
19O	89	41	19O	89	42		0
19O	89	42	19O	89	43		0
19O	89	43	19O	89	44		0
19O	89	44	19O	89	45		0
19O	89	45	19O	89	46		0
19O	89	46	19O	89	47		0
19O	89	47	19O	89	48		0
19O	89	48	19O	89	49		0
19O	89	49	19O	89	50		0
19O	89	50	19O	89	51		0
19O	89	51	19O	89	52		0
19O	89	52	19O	89	53		0
19O	92	1	19O	92	2		0
19O	92	1	19O	92	1		0
19O	92	2	19O	92	3		0
19O	92	3	19O	92	4		0
19O	92	4	19O	92	5		0
19O	92	5	19O	92	6		0
19O	92	6	19O	92	7		0
19O	92	7	19O	92	8		0
19O	92	8	19O	92	9		0
19O	92	9	19O	92	10		0
19O	92	10	19O	92	11		0
19O	92	11	19O	92	12		0
19O	92	12	19O	92	13		0
19O	92	13	19O	92	14		0
19O	92	14	19O	92	15		0
19O	92	15	19O	92	16		0
19O	102	1	19O	102	2		0
19O	102	1	19O	102	1		0
19O	102	2	19O	102	3		0
19O	102	3	19O	102	4		0
19O	102	4	19O	102	5		0
19O	102	5	19O	102	6		0
19O	102	6	19O	102	7		0
19O	102	7	19O	102	8		0
19O	102	8	19O	102	9		0
19O	102	9	19O	102	10		0
19O	102	10	19O	102	11		0
19O	102	11	19O	102	12		0
19O	102	12	19O	102	13		0
19O	102	13	19O	102	14		0
19O	102	14	19O	102	15		0
19O	102	15	19O	102	16		0
19O	102	16	19O	102	17		0
19O	102	17	19O	102	18		0
19O	102	18	19O	102	19		0
19O	102	19	19O	102	20		0
19O	102	20	19O	102	21		0
19O	102	21	19O	102	22		0
19O	102	22	19O	102	23		0
19O	102	23	19O	102	24		0
19O	102	24	19O	102	25		0
19O	102	25	19O	102	26		0
19O	102	26	19O	102	27		0
19O	102	27	19O	102	28		0
19O	102	28	19O	102	29		0
19O	108	1	19O	108	2		0
19O	108	1	19O	108	1		0
19O	108	2	19O	108	3		0
19O	108	3	19O	108	4		0
19O	108	4	19O	108	5		0
19O	108	5	19O	108	6		0
19O	108	6	19O	108	7		0
19O	108	7	19O	108	8		0
19O	108	8	19O	108	9		0
19O	108	9	19O	108	10		0
19O	108	10	19O	108	11		0
19O	108	11	19O	108	12		0
19O	108	12	19O	108	13		0
19O	108	13	19O	108	14		0
19O	140	1	19O	140	2		0
19O	140	1	19O	140	1		0
19O	140	2	19O	140	3		0
19O	140	3	19O	140	4		0
19O	140	4	19O	140	5		0
19O	140	5	19O	140	6		0
19O	140	6	19O	140	7		0
19O	140	7	19O	140	8		0
19O	140	8	19O	140	9		0
19O	140	9	19O	140	10		0
19O	140	10	19O	140	11		0
19O	140	11	19O	140	12		0
19O	140	12	19O	140	13		0
19O	140	13	19O	140	14		0
19O	142	1	19O	142	2		0
19O	142	1	19O	142	1		0
19O	142	2	19O	142	3		0
19O	142	3	19O	142	4		0
19O	142	4	19O	142	5		0
19O	142	5	19O	142	6		0
19O	142	6	19O	142	7		0
19O	142	7	19O	142	8		0
21O	5	1	21O	4	17		0
21O	5	2	21O	5	1		0
21O	5	3	21O	5	2		0
21O	5	4	21O	5	3		0
21O	5	5	21O	5	4		0
21O	5	6	21O	5	5		0
21O	5	7	21O	5	6		0
21O	5	8	21O	5	7		0
21O	5	9	21O	5	8		0
21O	5	10	21O	5	9		0
21O	5	11	21O	5	10		0
21O	5	12	21O	5	11		0
21O	5	13	21O	5	12		0
21O	5	14	21O	5	13		0
21O	5	15	21O	5	14		0
21O	5	16	21O	5	15		0
21O	5	17	21O	5	16		0
21O	5	18	21O	5	17		0
21O	5	19	21O	5	18		0
21O	5	20	21O	5	19		0
21O	6	12	21O	7	1		0
21O	7	1	21O	7	2		0
21O	7	2	21O	7	3		0
21O	7	3	21O	7	4		0
21O	7	4	21O	7	5		0
21O	7	5	21O	7	6		0
21O	7	6	21O	7	7		0
21O	7	7	21O	7	8		0
21O	7	8	21O	7	9		0
21O	7	9	21O	7	10		0
21O	7	10	21O	7	11		0
21O	7	11	21O	7	12		0
21O	7	12	21O	7	13		0
21O	7	13	21O	7	14		0
21O	7	14	21O	7	15		0
21O	7	15	21O	7	16		0
21O	7	16	21O	7	17		0
21O	7	17	21O	7	18		0
21O	7	18	21O	7	19		0
21O	7	19	21O	7	20		0
21O	7	20	21O	7	21		0
21O	7	21	21O	7	22		0
21O	7	22	21O	7	23		0
21O	7	23	21O	7	24		0
21O	7	24	21O	7	25		0
21O	7	25	21O	7	26		0
21O	7	26	21O	7	27		0
21O	7	27	21O	7	28		0
21O	7	28	21O	7	29		0
21O	7	29	21O	7	30		0
22O	6	1	22O	5	17		0
22O	6	2	22O	6	1		0
22O	6	3	22O	6	2		0
22O	6	4	22O	6	3		0
22O	6	5	22O	6	4		0
22O	6	6	22O	6	5		0
22O	6	7	22O	6	6		0
22O	6	8	22O	6	7		0
22O	6	9	22O	6	8		0
22O	6	10	22O	6	9		0
22O	6	11	22O	6	10		0
22O	6	12	22O	6	11		0
22O	6	13	22O	6	12		0
27O	4	1	27O	3	31		0
27O	4	2	27O	3	32		0
27O	4	3	27O	3	33		0
27O	4	4	27O	4	1		0
27O	4	5	27O	4	2		0
27O	4	6	27O	4	3		0
27O	4	7	27O	4	4		0
27O	4	8	27O	4	5		0
27O	4	9	27O	4	6		0
27O	4	10	27O	4	7		0
27O	4	11	27O	4	8		0
27O	4	12	27O	4	9		0
27O	4	13	27O	4	10		0
27O	4	14	27O	4	11		0
27O	4	15	27O	4	12		0
27O	4	16	27O	4	13		0
27O	4	17	27O	4	14		0
27O	4	18	27O	4	15		0
27O	4	19	27O	4	16		0
27O	4	20	27O	4	17		0
27O	4	21	27O	4	18		0
27O	4	22	27O	4	19		0
27O	4	23	27O	4	20		0
27O	4	24	27O	4	21		0
27O	4	25	27O	4	22		0
27O	4	26	27O	4	23		0
27O	4	27	27O	4	24		0
27O	4	28	27O	4	25		0
27O	4	29	27O	4	26		0
27O	4	30	27O	4	27		0
27O	4	31	27O	4	28		0
27O	4	32	27O	4	29		0
27O	4	33	27O	4	30		0
27O	4	34	27O	4	31		0
27O	4	35	27O	4	32		0
27O	4	36	27O	4	33		0
27O	4	37	27O	4	34		0
28O	13	16	28O	14	1		0
28O	14	1	28O	14	2		0
28O	14	2	28O	14	3		0
28O	14	3	28O	14	4		0
28O	14	4	28O	14	5		0
28O	14	5	28O	14	6		0
28O	14	6	28O	14	7		0
28O	14	7	28O	14	8		0
28O	14	8	28O	14	9		0
28O	14	9	28O	14	10		0
32O	1	17	32O	2	1		0
32O	2	1	32O	2	2		0
32O	2	2	32O	2	3		0
32O	2	3	32O	2	4		0
32O	2	4	32O	2	5		0
32O	2	5	32O	2	6		0
32O	2	6	32O	2	7		0
32O	2	7	32O	2	8		0
32O	2	8	32O	2	9		0
32O	2	9	32O	2	10		0
32O	2	10	32O	2	11		0
37O	1	15	37O	2	1		0
37O	2	1	37O	2	2		0
37O	2	2	37O	2	3		0
37O	2	3	37O	2	4		0
37O	2	4	37O	2	5		0
37O	2	5	37O	2	6		0
37O	2	6	37O	2	7		0
37O	2	7	37O	2	8		0
37O	2	8	37O	2	9		0
37O	2	9	37O	2	10		0
37O	2	10	37O	2	11		0
37O	2	11	37O	2	12		0
37O	2	12	37O	2	13		0
37O	2	13	37O	2	14		0
37O	2	14	37O	2	15		0
37O	2	15	37O	2	16		0
37O	2	16	37O	2	17		0
37O	2	17	37O	2	18		0
37O	2	18	37O	2	19		0
37O	2	19	37O	2	20		0
37O	2	20	37O	2	21		0
37O	2	21	37O	2	22		0
37O	2	22	37O	2	23		0
37O	2	23	37O	2	24		0
42N	17	36	42N	17			1
42N	17	37	42N	17	36		0
42N	23	16	42N	23	16		0
42N	23	17	42N	23			1
44N	19	40	44N	19	40		0
44N	19	41	44N	19	40		0
44N	28	28	44N	28	28		0
44N	28	29	44N	28			1
